CTR
G;(0:0);0;0;(0:0);0.6;0;1;0;0;2;
C;(3:2.5);0;0;(0:0);0;0.5;0;2;0;0;(0:0);0.3;1;1;0.4;
P;(14.5:1.305);0;0;(0:0);0.3;0.5;1;2;0;0;(0:0);0.3;1;1;0.4;
P;(14.5002:4.83684);-0.00122171;0;(0:0);0.3;0.5;1;2;0;0;(0:0);0.3;1;1;0.4;
P;(20:1.305);0;0;(0:0);0.3;0.5;1;2;0;0;(0:0);0.3;1;1;0.4;
P;(10.5:1.305);0;0;(0:0);0.3;0.5;1;2;0;0;(0:0);0.3;1;1;0.4;
O;(13.2505:2.51526);-0.0010337;0;(0:0);0;0.5;1;2;0;2;
O;(15.7499:2.51503);-0.00014587;0;(0:0);0;0.5;1;2;0;2;
O;(14.4997:4.28025);80.1104;0;(0:0);0;0.5;1;2;0;2;
O;(13.2643:6.04808);-3.95337e-05;0;(0:0);0;0.5;1;2;0;2;
O;(18:2.015);1.38847e-07;0;(0:0);0;0.5;1;2;0;2;
O;(14.4997:8.04808);80.1104;0;(0:0);0;0.5;1;2;0;2;
